7×7 Matrix{Float64}:
  0.649433    0.168474   -0.128266   -0.271271    0.210655   -0.0249277  -0.253475
  0.168474    0.745182   -0.0374716   0.274548   -0.0858111  -0.272204   -0.0571239
 -0.128266   -0.0374716   0.296417    0.100996    0.350225   -0.13537     0.198783
 -0.271271    0.274548    0.100996    0.647293    0.0982142   0.209358   -0.125152
  0.210655   -0.0858111   0.350225    0.0982142   0.755604    0.0244397  -0.0051589
 -0.0249277  -0.272204   -0.13537     0.209358    0.0244397   0.531567   -0.333967
 -0.253475   -0.0571239   0.198783   -0.125152   -0.0051589  -0.333967    0.374504